11 0.5821772486772486 0.6863802083333332 0.5497080026455026 0.6767527281746031 0.37981216931216927 0.6031309523809524 0.3654652777777777 0.5952026289682539 0.30581283068783066 0.6733546626984126 0.4906304913127174 0.7687565343489611 0.49005588624338625 0.7696292162698413 0.5308306878306878 0.7826545138888888 0.5821772486772486 0.6863802083333332
11 0.45683167989417994 0.329031994047619 0.6040747354497353 0.3833988095238095 0.650135582010582 0.3307309027777778 0.5013822751322751 0.2763643353174603 0.45230092592592597 0.3324300595238095 0.476463955026455 0.3607460317460317 0.618421626984127 0.4207760416666666 0.6856249999999999 0.3573479662698412 0.6569315476190476 0.3301646825396825 0.5965238095238095 0.39302628968253966 0.6002992724867725 0.39585788690476187 0.45683167989417994 0.329031994047619
11 0.6033197751322751 0.30014980158730153 0.6946861772486772 0.2474818948412698 0.6699860720948182 0.21969451515772415 0.6788290343915343 0.21406894841269838 0.5557490079365079 0.15177380952380953 0.4893005952380952 0.20274255952380948 0.5957688492063491 0.2729662698412698 0.6033197751322751 0.30014980158730153
11 0.3775469576719577 0.2333239087301587 0.5172390873015873 0.14441170634920636 0.476463955026455 0.11552926587301586 0.47570899470899475 0.1121314484126984 0.3480982142857142 0.1925488591269841 0.3775469576719577 0.2333239087301587
11 0.4213422619047618 0.32280257936507933 0.4711785714285714 0.20500793650793647 0.4205873015873015 0.20840575396825395 0.37150595238095235 0.33299627976190477 0.3790577184948299 0.33186352145927706 0.4213422619047618 0.32280257936507933
11 0.4281382275132275 0.3245014880952381 0.3790577184948299 0.33186352145927706 0.37377149470899473 0.33299627976190477 0.4258726851851852 0.3811334325396825 0.4704232804232804 0.3737713293650794 0.4281382275132275 0.3245014880952381
11 0.3526286375661375 0.32166989087301584 0.38434259259259257 0.2695684523809524 0.23709953703703707 0.2718335813492063 0.20614054232804233 0.3262003968253968 0.3526286375661375 0.32166989087301584
11 0.32846560846560846 0.40208730158730155 0.3171392195767196 0.4638162202380952 0.5021372354497354 0.4383318452380952 0.512708664021164 0.4400307539682539 0.5149738756613755 0.4400307539682539 0.5134636243386244 0.37660292658730155 0.32846560846560846 0.40208730158730155
11 0.4787294973544974 0.5561264880952381 0.30449827762997744 0.5084116629930053 0.34885317460317455 0.546499007936508 0.5315859788359789 0.581610863095238 0.5580142195767195 0.5357388392857143 0.5028921957671957 0.5045912698412698 0.4787294973544974 0.5561264880952381
11 0.47721924603174604 0.5527284226190476 0.5315859788359789 0.5804781746031745 0.5318010959928554 0.580155428198623 0.48250496031746026 0.5549937996031746 0.47721924603174604 0.5527284226190476
11 0.11099867724867725 0.6263501984126985 0.17895734126984125 0.6501356646825397 0.2250178571428571 0.664859871031746 0.2952417328042328 0.5159176587301586 0.2582419800674083 0.4986396323862275 0.2589970238095238 0.4972291666666666 0.18952843915343914 0.4909995039682539 0.11099867724867725 0.6263501984126985
11 0.1812225529100529 0.47854067460317457 0.12383531746031747 0.46834672619047624 0.03926488095238095 0.6036974206349206 0.03624437830687831 0.6048301091269841 0.0958968253968254 0.622952132936508 0.1812225529100529 0.47854067460317457
11 0.10571296296296295 0.4405972222222222 0.1819775132275132 0.32676686507936503 0.11854960317460317 0.329031994047619 0.049836309523809526 0.4405972222222222 0.10571296296296295 0.4405972222222222
11 0.24314021164021163 0.40208730158730155 0.13063128306878308 0.40208730158730155 0.10193749999999999 0.45758680555555553 0.20916104497354499 0.4672142857142857 0.24314021164021163 0.40208730158730155
11 0.1686577380952381 0.34205729166666665 0.1392089947089947 0.39925570436507934 0.2592688492063492 0.39925570436507934 0.2940033068783069 0.3403583829365079 0.16639252645502645 0.3392256944444444 0.17243320105820104 0.34545535714285713 0.1686577380952381 0.34205729166666665
11 0.32212301587301584 0.3392256944444444 0.28512334656084654 0.3392256944444444 0.2088587962962963 0.4768415178571428 0.25491964285714286 0.4751426091269841 0.32212301587301584 0.3392256944444444