11 0.7261021825396826 0.8371780753968254 0.782705357142857 0.7518169642857142 0.5635965608465608 0.6655429067460317 0.5039500661375661 0.7467958829365079 0.7261021825396826 0.8371780753968254
11 0.3031005291005291 0.5317953869047619 0.2148482142857143 0.6842584325396824 0.3310978835978836 0.7098211805555554 0.4090029761904762 0.5564449404761904 0.3031005291005291 0.5317953869047619
11 0.6031769608570733 0.4066190143437872 0.6250687830687831 0.2907755456349206 0.5684656084656085 0.28255902777777775 0.5398597883597883 0.40124305555555556 0.6031769608570733 0.4066190143437872
11 0.5946369047619047 0.44643427579365075 0.5970714285714286 0.4455213293650794 0.604375 0.40672073412698406 0.6031769608570733 0.4066190143437872 0.6031577380952381 0.40672073412698406 0.5404682539682539 0.4026123511904762 0.5374252645502645 0.4354786706349206 0.5946369047619047 0.44643427579365075
11 0.7754017857142858 0.49892906746031745 0.8180062830687829 0.44826016865079366 0.660369708994709 0.37613665674603175 0.6561091269841269 0.37431076388888884 0.6049837962962963 0.414937251984127 0.7754017857142858 0.49892906746031745
11 0.8076593915343915 0.3747673611111111 0.8082678571428572 0.3482916666666666 0.8061330192109072 0.34943964787732623 0.8070505952380952 0.3501175595238095 0.7832445424291069 0.36174762727608323 0.7437526455026455 0.3829838789682539 0.7422612990372095 0.3817693377704716 0.7407093253968254 0.38252752976190474 0.7370575396825397 0.4071770833333333 0.8076593915343915 0.3747673611111111
11 0.7422612990372095 0.3817693377704716 0.7832445424291069 0.36174762727608323 0.8061330192109072 0.34943964787732623 0.6847149470899471 0.25973511904761903 0.6232427248677248 0.28484151785714285 0.7422612990372095 0.3817693377704716
11 0.4266534391534392 0.5368164682539682 0.4741269841269841 0.4026123511904762 0.4223931878306878 0.3925699404761905 0.368224537037037 0.5258611111111111 0.4266534391534392 0.5368164682539682
11 0.21789153439153436 0.6764985119047618 0.3146646825396825 0.5240352182539681 0.20450165343915344 0.49847247023809516 0.1132063492063492 0.6463710317460317 0.21789153439153436 0.6764985119047618
11 0.1612883597883598 0.48066989087301587 0.36335548941798945 0.5112539682539683 0.3822232142857143 0.446890625 0.1953720238095238 0.41539384920634914 0.1612883597883598 0.48066989087301587
11 0.19232870370370367 0.4131113591269841 0.39622189153439147 0.4395870535714286 0.41813260582010575 0.38480977182539683 0.23006415343915343 0.35787772817460317 0.23006415343915343 0.3592470238095238 0.19232870370370367 0.4131113591269841
11 0.4856911375661375 0.3857227182539682 0.5069933862433862 0.3309456845238095 0.3225767195767196 0.3044699900793651 0.2957969576719576 0.3560518353174603 0.4856911375661375 0.3857227182539682